27.384	7.917	8
27.391	9.8962	10
27.401	11.875	12
27.473	13.855	14
27.611	15.834	16
27.753	17.813	18
27.914	19.792	20
27.965	21.771	22
28	23.75	24
28.057	25.729	26
28.094	27.708	28
28.115	29.687	30
28.144	31.666	32
28.17	33.645	34
28.195	35.624	36
28.227	37.603	38
28.299	39.582	40
28.462	41.561	42
28.644	43.54	44
29.114	45.519	46
29.55	47.497	48
29.929	49.476	50
30.239	51.455	52
30.432	53.434	54
30.538	55.413	56
30.693	57.391	58
30.829	59.37	60
30.912	61.349	62
30.987	63.327	64
31.062	65.306	66
31.149	67.285	68
31.235	69.263	70
31.305	71.242	72
31.355	73.221	74
31.41	75.199	76
31.495	77.178	78
31.584	79.156	80
31.64	81.135	82
31.695	83.113	84
31.765	85.092	86
31.816	87.07	88
31.851	89.049	90
31.89	91.027	92
31.923	93.005	94
31.956	94.984	96
31.992	96.962	98
32.022	98.94	100
32.049	100.92	102
32.085	102.9	104
32.121	104.88	106
32.145	106.85	108
32.185	108.83	110
32.211	110.81	112
32.237	112.79	114
32.265	114.77	116
32.295	116.74	118
32.326	118.72	120
32.349	120.7	122
32.37	122.68	124
32.399	124.66	126
32.427	126.64	128
32.444	128.61	130
32.465	130.59	132
32.492	132.57	134
32.515	134.55	136
32.532	136.53	138
32.555	138.5	140
32.578	140.48	142
32.594	142.46	144
32.612	144.44	146
32.628	146.41	148
32.646	148.39	150
32.668	150.37	152
32.692	152.35	154
32.717	154.33	156
32.738	156.3	158
32.765	158.28	160
32.786	160.26	162
32.807	162.24	164
32.822	164.21	166
32.844	166.19	168
32.865	168.17	170
32.887	170.15	172
32.909	172.13	174
32.927	174.1	176
32.943	176.08	178
32.955	178.06	180
32.975	180.04	182
32.997	182.01	184
33.023	183.99	186
33.044	185.97	188
33.063	187.95	190
33.079	189.92	192
33.103	191.9	194
33.13	193.88	196
33.154	195.86	198
33.182	197.83	200
33.206	199.81	202
33.228	201.79	204
33.258	203.77	206
33.288	205.74	208
33.311	207.72	210
33.346	209.7	212
33.374	211.67	214
33.418	213.65	216
33.445	215.63	218
33.492	217.61	220
33.537	219.58	222
33.57	221.56	224
33.6	223.54	226
33.642	225.51	228
33.686	227.49	230
33.725	229.47	232
33.763	231.45	234
33.797	233.42	236
33.843	235.4	238
33.883	237.38	240
33.906	239.35	242
33.926	241.33	244
33.946	243.31	246
