-1.2808	7.917	8
-1.2756	9.8962	10
-1.264	11.875	12
-1.2168	13.855	14
-1.1649	15.834	16
-1.1382	17.813	18
-1.1342	19.792	20
-1.1596	21.771	22
-1.1912	23.75	24
-1.2642	25.729	26
-1.3134	27.708	28
-1.328	29.687	30
-1.3304	31.666	32
-1.3161	33.645	34
-1.2999	35.624	36
-1.3164	37.603	38
-1.2896	39.582	40
-1.1915	41.561	42
-1.194	43.54	44
-0.8675	45.519	46
-0.5237	47.497	48
-0.335	49.476	50
-0.1477	51.455	52
-0.0245	53.434	54
0.0192	55.413	56
0.0692	57.391	58
0.0867	59.37	60
0.0493	61.349	62
-0.0017	63.327	64
-0.0675	65.306	66
-0.1426	67.285	68
-0.2008	69.263	70
-0.2595	71.242	72
-0.3154	73.221	74
-0.3691	75.199	76
-0.4951	77.178	78
-0.5692	79.156	80
-0.608	81.135	82
-0.6477	83.113	84
-0.6887	85.092	86
-0.7382	87.07	88
-0.7862	89.049	90
-0.8036	91.027	92
-0.8351	93.005	94
-0.8724	94.984	96
-0.9089	96.962	98
-0.9415	98.94	100
-0.9712	100.92	102
-1.0126	102.9	104
-1.0536	104.88	106
-1.0839	106.85	108
-1.1264	108.83	110
-1.1505	110.81	112
-1.1752	112.79	114
-1.1986	114.77	116
-1.2202	116.74	118
-1.2415	118.72	120
-1.2496	120.7	122
-1.2606	122.68	124
-1.2735	124.66	126
-1.2874	126.64	128
-1.2901	128.61	130
-1.298	130.59	132
-1.3077	132.57	134
-1.3162	134.55	136
-1.3227	136.53	138
-1.331	138.5	140
-1.3389	140.48	142
-1.3438	142.46	144
-1.3497	144.44	146
-1.3559	146.41	148
-1.3634	148.39	150
-1.3717	150.37	152
-1.3806	152.35	154
-1.392	154.33	156
-1.4006	156.3	158
-1.4114	158.28	160
-1.4217	160.26	162
-1.4315	162.24	164
-1.4414	164.21	166
-1.4496	166.19	168
-1.4585	168.17	170
-1.4684	170.15	172
-1.4783	172.13	174
-1.4852	174.1	176
-1.4923	176.08	178
-1.4973	178.06	180
-1.5052	180.04	182
-1.5074	182.01	184
-1.5133	183.99	186
-1.5181	185.97	188
-1.5147	187.95	190
-1.5092	189.92	192
-1.5039	191.9	194
-1.5008	193.88	196
-1.4971	195.86	198
-1.4916	197.83	200
-1.4813	199.81	202
-1.4695	201.79	204
-1.4641	203.77	206
-1.4666	205.74	208
-1.4601	207.72	210
-1.4522	209.7	212
-1.4474	211.67	214
-1.4283	213.65	216
-1.4134	215.63	218
-1.3851	217.61	220
-1.3569	219.58	222
-1.3369	221.56	224
-1.3187	223.54	226
-1.2876	225.51	228
-1.251	227.49	230
-1.2231	229.47	232
-1.207	231.45	234
-1.1883	233.42	236
-1.1557	235.4	238
-1.124	237.38	240
-1.1028	239.35	242
-1.0788	241.33	244
-1.0631	243.31	246
