1.807500000000000107e+00 6.447006634393454760e+01
2.422500000000000320e+00 6.050350199265962914e+01
3.037500000000000533e+00 5.668999019365356418e+01
3.652500000000000302e+00 5.305248831750514427e+01
4.267500000000000071e+00 4.960627420311552527e+01
4.882500000000000284e+00 4.635957212803822358e+01
5.497500000000000497e+00 4.331458517895755023e+01
6.112500000000000711e+00 4.046870646910039682e+01
6.727500000000000924e+00 3.781573114297667360e+01
7.342500000000001137e+00 3.534695359057089803e+01
7.957500000000001350e+00 3.305209105480382448e+01
8.572500000000001563e+00 3.092001717660691895e+01
9.187500000000000000e+00 2.893931575715544824e+01
9.802500000000001990e+00 2.709867883331831706e+01
1.041750000000000043e+01 1.594615823088280493e+01
1.103250000000000242e+01 1.459804819564256917e+01
1.164750000000000085e+01 1.339687329313970210e+01
1.226250000000000284e+01 1.249146736006442993e+01
1.287750000000000128e+01 1.170427685277151042e+01
1.349250000000000327e+01 1.099151189348770075e+01
1.410750000000000171e+01 9.776343017434237836e+00
1.472250000000000369e+01 9.331224119723970034e+00
1.533750000000000213e+01 8.915809174223445766e+00
1.595250000000000412e+01 8.520518094718619651e+00
1.656750000000000256e+01 8.188964642810908856e+00
1.718250000000000099e+01 7.883325594720004048e+00
1.779750000000000298e+01 7.602716060563762923e+00
1.841250000000000497e+01 7.342455364966228970e+00
1.902750000000000341e+01 7.100440536592017793e+00
1.964250000000000540e+01 6.873217590757807471e+00
2.025750000000000384e+01 6.655048031979118761e+00
2.087250000000000583e+01 6.446113609734823058e+00
2.148750000000000426e+01 6.251568434976702449e+00
2.210250000000000270e+01 5.822597523614572168e+00
2.271750000000000469e+01 5.654718440893420350e+00
2.333250000000000313e+01 5.498029387554703717e+00
2.394750000000000512e+01 5.351970543114680012e+00
2.456250000000000355e+01 5.223800500374466083e+00
2.517750000000000554e+01 5.106729966545081822e+00
2.579250000000000398e+01 4.998745290542101927e+00
2.640750000000000597e+01 4.398222715702196695e+00
2.702250000000000441e+01 4.307929632806530407e+00
2.763750000000000639e+01 4.225478905072023394e+00
2.825250000000000483e+01 4.151359817161499599e+00
2.886750000000000682e+01 4.088668427946965167e+00
2.948250000000000526e+01 4.032778406968082763e+00
3.009750000000000725e+01 3.983512304293538087e+00
3.071250000000000568e+01 3.940657250127574507e+00
3.132750000000000412e+01 3.903690629013099489e+00
3.194250000000000611e+01 3.872358550671966881e+00
3.255750000000000455e+01 3.842793481549056978e+00
3.317250000000000654e+01 3.814742523068250790e+00
3.378750000000000142e+01 3.791609765363368467e+00
3.440250000000000341e+01 3.555830073023017235e+00
3.501750000000000540e+01 3.540227230034330042e+00
3.563250000000000028e+01 3.529399525241062818e+00
3.624750000000000227e+01 3.523151429927531275e+00
3.686250000000000426e+01 3.520581014664236008e+00
3.747750000000000625e+01 3.522090928495170914e+00
3.809250000000000114e+01 3.527661151843167531e+00
3.870750000000000313e+01 3.537137101106800685e+00
3.932250000000000512e+01 3.550372805464483861e+00
3.993750000000000711e+01 3.567230425545378836e+00
4.055250000000000199e+01 3.586026317312716927e+00
4.116750000000000398e+01 3.600457592067609625e+00
4.178250000000000597e+01 3.618206769048387450e+00
4.239750000000000085e+01 3.639174166037332903e+00
4.301250000000000284e+01 4.079283694587820364e+00
4.362750000000000483e+01 4.105529589338523522e+00
4.424250000000000682e+01 4.134637663337560554e+00
4.485750000000000171e+01 4.155536823358445986e+00
4.547250000000000369e+01 4.168137584619488578e+00
4.608750000000000568e+01 4.183374768210401662e+00
4.670250000000000767e+01 4.201196585303391018e+00
4.731750000000000256e+01 4.221555403687210273e+00
4.793250000000000455e+01 4.244407599881676596e+00
4.854750000000000654e+01 4.269713419018988709e+00
4.916250000000000853e+01 4.296491517997839793e+00
4.977750000000000341e+01 4.325459690003660818e+00
5.039250000000000540e+01 4.356777176575916677e+00
5.100750000000000739e+01 4.390417963622736508e+00
5.162250000000000227e+01 4.426359176802770357e+00
5.223750000000000426e+01 4.464580943647277422e+00
5.285250000000000625e+01 4.505104631467027332e+00
5.346750000000000824e+01 4.548070469408518335e+00
5.408250000000000313e+01 4.593275686958381065e+00
5.469750000000000512e+01 4.640711080066854066e+00
5.531250000000000711e+01 4.690369679214221321e+00
5.592750000000000909e+01 4.742246536705346571e+00
5.654250000000000398e+01 4.806095755264069957e+00
5.715750000000000597e+01 4.878664066966634572e+00
5.777250000000000796e+01 4.953792372648305076e+00
5.838750000000000995e+01 5.033731133742917585e+00
5.900250000000000483e+01 5.140127110139818711e+00
5.961750000000000682e+01 5.345578830704287299e+00
6.023250000000000881e+01 5.542945363185249441e+00
6.084750000000000369e+01 5.733435248394264327e+00
6.146250000000000568e+01 5.917978744805188818e+00
6.207750000000000767e+01 5.918969341796181283e+00
6.269250000000000256e+01 5.851802599751875889e+00
