1.807500000000000107e+00 5.000000000000000000e-01
2.422500000000000320e+00 5.000000000000000000e-01
3.037500000000000533e+00 5.000000000000000000e-01
3.652500000000000302e+00 5.000000000000000000e-01
4.267500000000000071e+00 5.000000000000000000e-01
4.882500000000000284e+00 5.000000000000000000e-01
5.497500000000000497e+00 5.000000000000000000e-01
6.112500000000000711e+00 5.000000000000000000e-01
6.727500000000000924e+00 5.000000000000000000e-01
7.342500000000001137e+00 3.499999999999999778e-01
7.957500000000001350e+00 3.499999999999999778e-01
8.572500000000001563e+00 3.499999999999999778e-01
9.187500000000000000e+00 3.499999999999999778e-01
9.802500000000001990e+00 3.499999999999999778e-01
1.041750000000000043e+01 2.228678659429590703e-01
1.103250000000000242e+01 1.688238796300602085e-01
1.164750000000000085e+01 1.255205707218425282e-01
1.226250000000000284e+01 9.703207510602310237e-02
1.287750000000000128e+01 7.420692131928775803e-02
1.349250000000000327e+01 5.782174976324171850e-02
1.410750000000000171e+01 1.501849184532901872e-02
1.472250000000000369e+01 1.396244823944793947e-02
1.533750000000000213e+01 1.318213284391282422e-02
1.595250000000000412e+01 1.262872533260606805e-02
1.656750000000000256e+01 1.222675757137309076e-02
1.718250000000000099e+01 1.192999535683200198e-02
1.779750000000000298e+01 1.176162963633825727e-02
1.841250000000000497e+01 1.163698214598649257e-02
1.902750000000000341e+01 1.154017621463680754e-02
1.964250000000000540e+01 1.144928703630312267e-02
2.025750000000000384e+01 1.136201921279164639e-02
2.087250000000000583e+01 1.126766816584089288e-02
2.148750000000000426e+01 1.115094106098602107e-02
2.210250000000000270e+01 1.002903900944582954e-02
2.271750000000000469e+01 9.961887376357368012e-03
2.333250000000000313e+01 9.899211755021881595e-03
2.394750000000000512e+01 9.840788217245871952e-03
2.456250000000000355e+01 9.789520200149786841e-03
2.517750000000000554e+01 9.742691986618033304e-03
2.579250000000000398e+01 9.699749058108421418e-03
2.640750000000000597e+01 7.538933629421318283e-03
2.702250000000000441e+01 7.484757779683917991e-03
2.763750000000000639e+01 7.435287343043214120e-03
2.825250000000000483e+01 7.390815890296899802e-03
2.886750000000000682e+01 7.353201056768178881e-03
2.948250000000000526e+01 7.319667044180850138e-03
3.009750000000000725e+01 7.293404921717414925e-03
3.071250000000000568e+01 7.276262900051029721e-03
3.132750000000000412e+01 7.261476251605240330e-03
3.194250000000000611e+01 7.248943420268786665e-03
3.255750000000000455e+01 7.237117392619622953e-03
3.317250000000000654e+01 7.225897009227300570e-03
3.378750000000000142e+01 7.216643906145348009e-03
3.440250000000000341e+01 6.655830073023017053e-03
3.501750000000000540e+01 6.640227230034330408e-03
3.563250000000000028e+01 6.629399525241062678e-03
3.624750000000000227e+01 6.623151429927530941e-03
3.686250000000000426e+01 6.620581014664236354e-03
3.747750000000000625e+01 6.622090928495171121e-03
3.809250000000000114e+01 6.627661151843167349e-03
3.870750000000000313e+01 6.637137101106800434e-03
3.932250000000000512e+01 6.650372805464484054e-03
3.993750000000000711e+01 6.667230425545379001e-03
4.055250000000000199e+01 6.686026317312717196e-03
4.116750000000000398e+01 6.700457592067609290e-03
4.178250000000000597e+01 6.718206769048387476e-03
4.239750000000000085e+01 6.739174166037332873e-03
4.301250000000000284e+01 5.431713477835128576e-03
4.362750000000000483e+01 5.442211835735409446e-03
4.424250000000000682e+01 5.453855065335024357e-03
4.485750000000000171e+01 5.462214729343378185e-03
4.547250000000000369e+01 5.467255033847795952e-03
4.608750000000000568e+01 5.473349907284160744e-03
4.670250000000000767e+01 5.480478634121356551e-03
4.731750000000000256e+01 5.488622161474884104e-03
4.793250000000000455e+01 5.497763039952670641e-03
4.854750000000000654e+01 5.507885367607595964e-03
4.916250000000000853e+01 5.518596607199136202e-03
4.977750000000000341e+01 5.530183876001464223e-03
5.039250000000000540e+01 5.542710870630366583e-03
5.100750000000000739e+01 5.556167185449094326e-03
5.162250000000000227e+01 5.570543670721107843e-03
5.223750000000000426e+01 5.585832377458911126e-03
5.285250000000000625e+01 5.602041852586810491e-03
5.346750000000000824e+01 5.619228187763407670e-03
5.408250000000000313e+01 5.637310274783351866e-03
5.469750000000000512e+01 5.656284432026741776e-03
5.531250000000000711e+01 5.676147871685688351e-03
5.592750000000000909e+01 5.696898614682138241e-03
5.654250000000000398e+01 5.722438302105627671e-03
5.715750000000000597e+01 5.751465626786653705e-03
5.777250000000000796e+01 5.781516949059322015e-03
5.838750000000000995e+01 5.911312741351627820e-03
5.900250000000000483e+01 6.262419463461401173e-03
5.961750000000000682e+01 6.940410141324147852e-03
6.023250000000000881e+01 7.591719698511323680e-03
6.084750000000000369e+01 8.220336319701072869e-03
6.146250000000000568e+01 8.829329857857122488e-03
6.207750000000000767e+01 8.832598827927399046e-03
6.269250000000000256e+01 8.610948579181191068e-03
