1.807500000000000107e+00 0.000000000000000000e+00
2.422500000000000320e+00 0.000000000000000000e+00
3.037500000000000533e+00 0.000000000000000000e+00
3.652500000000000302e+00 0.000000000000000000e+00
4.267500000000000071e+00 0.000000000000000000e+00
4.882500000000000284e+00 0.000000000000000000e+00
5.497500000000000497e+00 0.000000000000000000e+00
6.112500000000000711e+00 0.000000000000000000e+00
6.727500000000000924e+00 0.000000000000000000e+00
7.342500000000001137e+00 0.000000000000000000e+00
7.957500000000001350e+00 0.000000000000000000e+00
8.572500000000001563e+00 0.000000000000000000e+00
9.187500000000000000e+00 0.000000000000000000e+00
9.802500000000001990e+00 0.000000000000000000e+00
1.041750000000000043e+01 1.647061696311781009e+00
1.103250000000000242e+01 1.592294602564698680e+00
1.164750000000000085e+01 1.532843664656985183e+00
1.226250000000000284e+01 1.493641629122706149e+00
1.287750000000000128e+01 1.458805288933032518e+00
1.349250000000000327e+01 1.424575594674384993e+00
1.410750000000000171e+01 1.451292359848029179e+00
1.472250000000000369e+01 1.403772204930188838e+00
1.533750000000000213e+01 1.359580917422344770e+00
1.595250000000000412e+01 1.320051809471862070e+00
1.656750000000000256e+01 1.281919898566065363e+00
1.718250000000000099e+01 1.245532373745280585e+00
1.779750000000000298e+01 1.210736791509906540e+00
1.841250000000000497e+01 1.177834286715677248e+00
1.902750000000000341e+01 1.146856388683778150e+00
1.964250000000000540e+01 1.118025416435483699e+00
2.025750000000000384e+01 1.090536052029368985e+00
2.087250000000000583e+01 1.064102542046057254e+00
2.148750000000000426e+01 1.039200759677017860e+00
2.210250000000000270e+01 1.049292483022665312e+00
2.271750000000000469e+01 1.027803960434357844e+00
2.333250000000000313e+01 1.007747761607002079e+00
2.394750000000000512e+01 9.890522295186789936e-01
2.456250000000000355e+01 9.726464640479316470e-01
2.517750000000000554e+01 9.576614357177704040e-01
2.579250000000000398e+01 9.438368877704732540e-01
2.640750000000000597e+01 1.000583171315667874e+00
2.702250000000000441e+01 9.895674152023966608e-01
2.763750000000000639e+01 9.795084264187867706e-01
2.825250000000000483e+01 9.704658976937028392e-01
2.886750000000000682e+01 9.628175482095296944e-01
2.948250000000000526e+01 9.559989656501060029e-01
3.009750000000000725e+01 9.499555257323987201e-01
3.071250000000000568e+01 9.446414990158191749e-01
3.132750000000000412e+01 9.400576379976243180e-01
3.194250000000000611e+01 9.361724602833239040e-01
3.255750000000000455e+01 9.325063917120830492e-01
3.317250000000000654e+01 9.290280728604630722e-01
3.378750000000000142e+01 9.261596109050577175e-01
3.440250000000000341e+01 9.533596870102095666e-01
3.501750000000000540e+01 9.518618140832956209e-01
3.563250000000000028e+01 9.508223544231420021e-01
3.624750000000000227e+01 9.502225372730429553e-01
3.686250000000000426e+01 9.499757774077666195e-01
3.747750000000000625e+01 9.501207291355363571e-01
3.809250000000000114e+01 9.506554705769439950e-01
3.870750000000000313e+01 9.515651617062528267e-01
3.932250000000000512e+01 9.528357893245904542e-01
3.993750000000000711e+01 9.544541208523563691e-01
4.055250000000000199e+01 9.562585264620208081e-01
4.116750000000000398e+01 9.576439288384904769e-01
4.178250000000000597e+01 9.593478498286451828e-01
4.239750000000000085e+01 9.613607199395839409e-01
4.301250000000000284e+01 9.069590574884237588e-01
4.362750000000000483e+01 9.099248435952531633e-01
4.424250000000000682e+01 9.132140559571443328e-01
4.485750000000000171e+01 9.155756610395043849e-01
4.547250000000000369e+01 9.169995470620022626e-01
4.608750000000000568e+01 9.187213488077753398e-01
4.670250000000000767e+01 9.207352141392831646e-01
4.731750000000000256e+01 9.230357606166547102e-01
4.793250000000000455e+01 9.256180587866293941e-01
4.854750000000000654e+01 9.284776163491457179e-01
4.916250000000000853e+01 9.315035415337559188e-01
4.977750000000000341e+01 9.347769449704136369e-01
5.039250000000000540e+01 9.383158209530785276e-01
5.100750000000000739e+01 9.421172298893691899e-01
5.162250000000000227e+01 9.461785869787130432e-01
5.223750000000000426e+01 9.504976466321423123e-01
5.285250000000000625e+01 9.550768233557740405e-01
5.346750000000000824e+01 9.599319630431625283e-01
5.408250000000000313e+01 9.650401526262970542e-01
5.469750000000000512e+01 9.704003520475544819e-01
5.531250000000000711e+01 9.760117737512069569e-01
5.592750000000000909e+01 9.818738586477040453e-01
5.654250000000000398e+01 9.890888203448398031e-01
5.715750000000000597e+01 9.972890395672295849e-01
5.777250000000000796e+01 1.005778538109258324e+00
5.838750000000000995e+01 1.014103264304348384e+00
5.900250000000000483e+01 1.023891694132863295e+00
5.961750000000000682e+01 1.042793252424794259e+00
6.023250000000000881e+01 1.060950973413042897e+00
6.084750000000000369e+01 1.078476042852272165e+00
6.146250000000000568e+01 1.095454044522077286e+00
6.207750000000000767e+01 1.095545179445248651e+00
6.269250000000000256e+01 1.089365839177172557e+00
