1.807500000000000107e+00 4.732636270005677659e+01
2.422500000000000320e+00 5.163759984676352133e+01
3.037500000000000533e+00 5.589880624503219053e+01
3.652500000000000302e+00 6.107138327295285762e+01
4.267500000000000071e+00 6.673462509173228341e+01
4.882500000000000284e+00 7.300717244865110445e+01
5.497500000000000497e+00 7.997082701305279784e+01
6.112500000000000711e+00 8.769198269062852091e+01
6.727500000000000924e+00 9.621998372631101404e+01
7.342500000000001137e+00 7.582014414054110318e+01
7.957500000000001350e+00 8.314208696004156707e+01
8.572500000000001563e+00 9.113423129291736302e+01
9.187500000000000000e+00 9.982072058198845355e+01
9.802500000000001990e+00 1.092290992480110106e+02
1.041750000000000043e+01 7.473351933098653888e+01
1.103250000000000242e+01 6.253562563408988950e+01
1.164750000000000085e+01 5.119401161263903788e+01
1.226250000000000284e+01 4.294199029803986889e+01
1.287750000000000128e+01 3.546917623808314346e+01
1.349250000000000327e+01 2.976706038891524386e+01
1.410750000000000171e+01 8.334995582651961499e+00
1.472250000000000369e+01 8.302425946548742886e+00
1.533750000000000213e+01 8.384302448557148679e+00
1.595250000000000412e+01 8.564745120754038155e+00
1.656750000000000256e+01 8.763866693894344806e+00
1.718250000000000099e+01 9.023573657117026414e+00
1.779750000000000298e+01 9.373590576738349611e+00
1.841250000000000497e+01 9.757735661688988316e+00
1.902750000000000341e+01 1.016678223691220140e+01
1.964250000000000540e+01 1.058336838960551063e+01
2.025750000000000384e+01 1.100300547951066399e+01
2.087250000000000583e+01 1.141446657830611500e+01
2.148750000000000426e+01 1.180248146412693622e+01
2.210250000000000270e+01 1.107072276467771665e+01
2.271750000000000469e+01 1.146320249366603328e+01
2.333250000000000313e+01 1.186141165443958023e+01
2.394750000000000512e+01 1.226527661998107099e+01
2.456250000000000355e+01 1.266636974361131607e+01
2.517750000000000554e+01 1.307047878930704421e+01
2.579250000000000398e+01 1.347942959712361066e+01
2.640750000000000597e+01 1.083005180744003937e+01
2.702250000000000441e+01 1.111741573836805586e+01
2.763750000000000639e+01 1.140888028748011607e+01
2.825250000000000483e+01 1.170404272295994197e+01
2.886750000000000682e+01 1.200108845199014596e+01
2.948250000000000526e+01 1.230204802334355740e+01
3.009750000000000725e+01 1.261273220014157737e+01
3.071250000000000568e+01 1.293719204404330902e+01
3.132750000000000412e+01 1.326411564966035783e+01
3.194250000000000611e+01 1.359336749777719433e+01
3.255750000000000455e+01 1.392570555807099630e+01
3.317250000000000654e+01 1.426112306875005586e+01
3.378750000000000142e+01 1.459862212173158902e+01
3.440250000000000341e+01 1.378470434943392675e+01
3.501750000000000540e+01 1.407738702004271580e+01
3.563250000000000028e+01 1.437742199361037088e+01
3.624750000000000227e+01 1.468482804662845709e+01
3.686250000000000426e+01 1.499800188534557499e+01
3.747750000000000625e+01 1.531813886064159469e+01
3.809250000000000114e+01 1.564551819919907771e+01
3.870750000000000313e+01 1.598008597625313065e+01
3.932250000000000512e+01 1.632176936265910427e+01
3.993750000000000711e+01 1.667047662302998745e+01
4.055250000000000199e+01 1.702219650379426952e+01
4.116750000000000398e+01 1.736080282915272122e+01
4.178250000000000597e+01 1.770540525268842558e+01
4.239750000000000085e+01 1.805589031180475246e+01
4.301250000000000284e+01 1.480391629264852149e+01
4.362750000000000483e+01 1.506352254662343526e+01
4.424250000000000682e+01 1.532311660029523814e+01
4.485750000000000171e+01 1.557026572279639609e+01
4.547250000000000369e+01 1.580424189467471763e+01
4.608750000000000568e+01 1.603696001046846220e+01
4.670250000000000767e+01 1.626825806588593792e+01
4.731750000000000256e+01 1.649796920566733149e+01
4.793250000000000455e+01 1.672592164811340254e+01
4.854750000000000654e+01 1.695193859625579336e+01
4.916250000000000853e+01 1.717468544211055459e+01
4.977750000000000341e+01 1.739486192219380456e+01
5.039250000000000540e+01 1.761250358364289426e+01
5.100750000000000739e+01 1.782741310033564730e+01
5.162250000000000227e+01 1.803938735245742464e+01
5.223750000000000426e+01 1.824821719031172407e+01
5.285250000000000625e+01 1.845373721794178223e+01
5.346750000000000824e+01 1.865592981550823026e+01
5.408250000000000313e+01 1.885431873445706330e+01
5.469750000000000512e+01 1.904866754289121644e+01
5.531250000000000711e+01 1.923873207560556153e+01
5.592750000000000909e+01 1.942425993054344957e+01
5.654250000000000398e+01 1.954473605867058339e+01
5.715750000000000597e+01 1.961716123893785380e+01
5.777250000000000796e+01 1.967823533277164927e+01
5.838750000000000995e+01 2.006234210207991353e+01
5.900250000000000483e+01 2.100904306115174691e+01
5.961750000000000682e+01 2.203917571291312072e+01
6.023250000000000881e+01 2.267289623966321699e+01
6.084750000000000369e+01 2.291646506348244117e+01
6.146250000000000568e+01 2.277164135323351601e+01
6.207750000000000767e+01 2.256883813612062539e+01
6.269250000000000256e+01 2.243322476257619869e+01
