1.807500000000000107e+00 -1.001894128872554468e+01
2.422500000000000320e+00 -1.439647627848306044e+01
3.037500000000000533e+00 -1.912036026464985383e+01
3.652500000000000302e+00 -2.448845635132033394e+01
4.267500000000000071e+00 -3.038581722447348454e+01
4.882500000000000284e+00 -3.686980492461354686e+01
5.497500000000000497e+00 -4.399607941079405293e+01
6.112500000000000711e+00 -5.182014670048454974e+01
6.727500000000000924e+00 -6.039157466142882669e+01
7.342500000000001137e+00 -5.008618929487726490e+01
7.957500000000001350e+00 -5.737833240065380380e+01
8.572500000000001563e+00 -6.530402092238455225e+01
9.187500000000000000e+00 -7.389225110815220887e+01
9.802500000000001990e+00 -8.317389057316596279e+01
1.041750000000000043e+01 2.047001790990649965e+02
1.103250000000000242e+01 2.207840824752937579e+02
1.164750000000000085e+01 2.352175347176317928e+02
1.226250000000000284e+01 2.465784562136938405e+02
1.287750000000000128e+01 2.569881117955164882e+02
1.349250000000000327e+01 2.654072772216574094e+02
1.410750000000000171e+01 2.944306445049807053e+02
1.472250000000000369e+01 2.956669710940450386e+02
1.533750000000000213e+01 2.967485304001471036e+02
1.595250000000000412e+01 2.976685170378248131e+02
1.656750000000000256e+01 2.975219367249691231e+02
1.718250000000000099e+01 2.971687486966320648e+02
1.779750000000000298e+01 2.965878295797073747e+02
1.841250000000000497e+01 2.958920200691287619e+02
1.902750000000000341e+01 2.951227603294695996e+02
1.964250000000000540e+01 2.943549613886732459e+02
2.025750000000000384e+01 2.934801429704742191e+02
2.087250000000000583e+01 2.924834740199184466e+02
2.148750000000000426e+01 2.914996333497840624e+02
2.210250000000000270e+01 2.965303251092033179e+02
2.271750000000000469e+01 2.958281169583146948e+02
2.333250000000000313e+01 2.951535439471412587e+02
2.394750000000000512e+01 2.945141839664327108e+02
2.456250000000000355e+01 2.939321355392748387e+02
2.517750000000000554e+01 2.934029018929589370e+02
2.579250000000000398e+01 2.929271441145261861e+02
2.640750000000000597e+01 3.056847576694458439e+02
2.702250000000000441e+01 3.057063255108047883e+02
2.763750000000000639e+01 3.057590764746003060e+02
2.825250000000000483e+01 3.058433249338594351e+02
2.886750000000000682e+01 3.059608572399540662e+02
2.948250000000000526e+01 3.061068328523634818e+02
3.009750000000000725e+01 3.062711584834911491e+02
3.071250000000000568e+01 3.064459449668216848e+02
3.132750000000000412e+01 3.066437716085241618e+02
3.194250000000000611e+01 3.068613851770098222e+02
3.255750000000000455e+01 3.070700917292946315e+02
3.317250000000000654e+01 3.072675984796497346e+02
3.378750000000000142e+01 3.074758617890859114e+02
3.440250000000000341e+01 3.115640489963820983e+02
3.501750000000000540e+01 3.117205156777130242e+02
3.563250000000000028e+01 3.118470209705298544e+02
3.624750000000000227e+01 3.119396671395824114e+02
3.686250000000000426e+01 3.119926936335049277e+02
3.747750000000000625e+01 3.120048030690532528e+02
3.809250000000000114e+01 3.119726491749802904e+02
3.870750000000000313e+01 3.118924392457515751e+02
3.932250000000000512e+01 3.117604163059144753e+02
3.993750000000000711e+01 3.115728745816092555e+02
4.055250000000000199e+01 3.113303379106881152e+02
4.116750000000000398e+01 3.110565399027893818e+02
4.178250000000000597e+01 3.107358159360277909e+02
4.239750000000000085e+01 3.103662461029779251e+02
4.301250000000000284e+01 3.123725889943167999e+02
4.362750000000000483e+01 3.124852609911233117e+02
4.424250000000000682e+01 3.125681038899620603e+02
4.485750000000000171e+01 3.125663565154052321e+02
4.547250000000000369e+01 3.124986597266843091e+02
4.608750000000000568e+01 3.124237331991587325e+02
4.670250000000000767e+01 3.123412974009543177e+02
4.731750000000000256e+01 3.122511695271606982e+02
4.793250000000000455e+01 3.121532695912218855e+02
4.854750000000000654e+01 3.120476256749205390e+02
4.916250000000000853e+01 3.119324513320563028e+02
4.977750000000000341e+01 3.118103792552529967e+02
5.039250000000000540e+01 3.116822382256348760e+02
5.100750000000000739e+01 3.115485027244178013e+02
5.162250000000000227e+01 3.114097519245064518e+02
5.223750000000000426e+01 3.112666657279918923e+02
5.285250000000000625e+01 3.111200119252445120e+02
5.346750000000000824e+01 3.109705339209329509e+02
5.408250000000000313e+01 3.108191526859660030e+02
5.469750000000000512e+01 3.106668824385560583e+02
5.531250000000000711e+01 3.105147873186337506e+02
5.592750000000000909e+01 3.103639600607569378e+02
5.654250000000000398e+01 3.102791677228927938e+02
5.715750000000000597e+01 3.102208786228465556e+02
5.777250000000000796e+01 3.101384360547441474e+02
5.838750000000000995e+01 3.096784088087870828e+02
5.900250000000000483e+01 3.083248694349425705e+02
5.961750000000000682e+01 3.038631089195210961e+02
6.023250000000000881e+01 2.967787454989692151e+02
6.084750000000000369e+01 2.870568518766003194e+02
6.146250000000000568e+01 2.746613304742549531e+02
6.207750000000000767e+01 2.713766150967512658e+02
6.269250000000000256e+01 2.722623600852032268e+02
