1.807500000000000107e+00 0.000000000000000000e+00
2.422500000000000320e+00 0.000000000000000000e+00
3.037500000000000533e+00 0.000000000000000000e+00
3.652500000000000302e+00 0.000000000000000000e+00
4.267500000000000071e+00 0.000000000000000000e+00
4.882500000000000284e+00 0.000000000000000000e+00
5.497500000000000497e+00 0.000000000000000000e+00
6.112500000000000711e+00 0.000000000000000000e+00
6.727500000000000924e+00 0.000000000000000000e+00
7.342500000000001137e+00 0.000000000000000000e+00
7.957500000000001350e+00 0.000000000000000000e+00
8.572500000000001563e+00 0.000000000000000000e+00
9.187500000000000000e+00 0.000000000000000000e+00
9.802500000000001990e+00 0.000000000000000000e+00
1.041750000000000043e+01 5.523035660607432646e+02
1.103250000000000242e+01 5.898166739407043906e+02
1.164750000000000085e+01 6.251757454378308694e+02
1.226250000000000284e+01 6.610179600555026127e+02
1.287750000000000128e+01 6.972748763903329063e+02
1.349250000000000327e+01 7.333819527925306829e+02
1.410750000000000171e+01 8.054414206864629477e+02
1.472250000000000369e+01 8.347185663563221851e+02
1.533750000000000213e+01 8.647415217196489721e+02
1.595250000000000412e+01 8.952532418395372815e+02
1.656750000000000256e+01 9.188515465120070758e+02
1.718250000000000099e+01 9.420919942251258590e+02
1.779750000000000298e+01 9.649131396506843430e+02
1.841250000000000497e+01 9.876268158587339485e+02
1.902750000000000341e+01 1.010369247739123011e+03
1.964250000000000540e+01 1.033468268684391433e+03
2.025750000000000384e+01 1.056077615374395918e+03
2.087250000000000583e+01 1.077965975151598286e+03
2.148750000000000426e+01 1.099920413578985290e+03
2.210250000000000270e+01 1.158279090116542648e+03
2.271750000000000469e+01 1.182700072499624639e+03
2.333250000000000313e+01 1.207501298090402543e+03
2.394750000000000512e+01 1.232726375047495139e+03
2.456250000000000355e+01 1.258478402573677613e+03
2.517750000000000554e+01 1.284767444160111381e+03
2.579250000000000398e+01 1.311619795899275005e+03
2.640750000000000597e+01 1.437387317048595150e+03
2.702250000000000441e+01 1.469844807243970990e+03
2.763750000000000639e+01 1.502980834768394061e+03
2.825250000000000483e+01 1.536822794178206550e+03
2.886750000000000682e+01 1.571405224742943801e+03
2.948250000000000526e+01 1.606732261823874524e+03
3.009750000000000725e+01 1.642790271033805993e+03
3.071250000000000568e+01 1.679572144851293615e+03
3.132750000000000412e+01 1.717148524033333160e+03
3.194250000000000611e+01 1.755529813951504593e+03
3.255750000000000455e+01 1.794334503298861819e+03
3.317250000000000654e+01 1.833541726995017825e+03
3.378750000000000142e+01 1.873537666518276637e+03
3.440250000000000341e+01 1.974476703870494930e+03
3.501750000000000540e+01 2.017962139283781880e+03
3.563250000000000028e+01 2.062083327223001561e+03
3.624750000000000227e+01 2.106830066248132880e+03
3.686250000000000426e+01 2.152037482667506993e+03
3.747750000000000625e+01 2.197807523397977548e+03
3.809250000000000114e+01 2.244154781803138576e+03
3.870750000000000313e+01 2.291062074570884306e+03
3.932250000000000512e+01 2.338510403667062292e+03
3.993750000000000711e+01 2.386478956608479621e+03
4.055250000000000199e+01 2.434573208860424984e+03
4.116750000000000398e+01 2.481243586823441092e+03
4.178250000000000597e+01 2.528300042470619246e+03
4.239750000000000085e+01 2.575719707139353886e+03
4.301250000000000284e+01 2.471880378577944612e+03
4.362750000000000483e+01 2.518585055294472568e+03
4.424250000000000682e+01 2.565760419524509416e+03
4.485750000000000171e+01 2.609885740142580289e+03
4.547250000000000369e+01 2.650778602672094621e+03
4.608750000000000568e+01 2.691861068846702437e+03
4.670250000000000767e+01 2.733111298109829931e+03
4.731750000000000256e+01 2.774506079371150463e+03
4.793250000000000455e+01 2.816020809706863929e+03
4.854750000000000654e+01 2.857629469362988402e+03
4.916250000000000853e+01 2.898976216740338714e+03
4.977750000000000341e+01 2.940284853162483614e+03
5.039250000000000540e+01 2.981589901557579196e+03
5.100750000000000739e+01 3.022859551484882559e+03
5.162250000000000227e+01 3.064060358205631928e+03
5.223750000000000426e+01 3.105157176684556816e+03
5.285250000000000625e+01 3.146127284467826485e+03
5.346750000000000824e+01 3.186989873305763922e+03
5.408250000000000313e+01 3.227634056361135663e+03
5.469750000000000512e+01 3.268017001584030368e+03
5.531250000000000711e+01 3.308093700571547743e+03
5.592750000000000909e+01 3.347816827953646680e+03
5.654250000000000398e+01 3.378189315751736558e+03
5.715750000000000597e+01 3.401564255187285198e+03
5.777250000000000796e+01 3.423313801542215970e+03
5.838750000000000995e+01 3.441754396276085572e+03
5.900250000000000483e+01 3.434931948825935251e+03
5.961750000000000682e+01 3.311375445319929440e+03
6.023250000000000881e+01 3.168561576408118981e+03
6.084750000000000369e+01 3.006550778049629571e+03
6.146250000000000568e+01 2.825275193293102802e+03
6.207750000000000767e+01 2.799309954792648114e+03
6.269250000000000256e+01 2.838013546848718761e+03
