1.807500000000000107e+00 7.144974767374749902e+00
2.422500000000000320e+00 7.333615462079713154e+00
3.037500000000000533e+00 7.445524154344911771e+00
3.652500000000000302e+00 7.513296051242981832e+00
4.267500000000000071e+00 7.560361507126435399e+00
4.882500000000000284e+00 7.594292114719640274e+00
5.497500000000000497e+00 7.619392293162485785e+00
6.112500000000000711e+00 7.638273697767125725e+00
6.727500000000000924e+00 7.652646483060449256e+00
7.342500000000001137e+00 7.761550733615058206e+00
7.957500000000001350e+00 7.767607688525957066e+00
8.572500000000001563e+00 7.772231523434912859e+00
9.187500000000000000e+00 7.775726676999016540e+00
9.802500000000001990e+00 7.778311904843861591e+00
1.041750000000000043e+01 6.029891622948442276e+00
1.103250000000000242e+01 6.021818889186874024e+00
1.164750000000000085e+01 6.020243589391718331e+00
1.226250000000000284e+01 6.007643036696874717e+00
1.287750000000000128e+01 5.991336344395859825e+00
1.349250000000000327e+01 5.972773466254415631e+00
1.410750000000000171e+01 5.820041671974326647e+00
1.472250000000000369e+01 5.827972169954601434e+00
1.533750000000000213e+01 5.832139882009624188e+00
1.595250000000000412e+01 5.834112417049933441e+00
1.656750000000000256e+01 5.863413710993699901e+00
1.718250000000000099e+01 5.891628272233036867e+00
1.779750000000000298e+01 5.919056555638965378e+00
1.841250000000000497e+01 5.944789069900775047e+00
1.902750000000000341e+01 5.968594687171335345e+00
1.964250000000000540e+01 5.989706209942044168e+00
2.025750000000000384e+01 6.010911060302817965e+00
2.087250000000000583e+01 6.032830072281541334e+00
2.148750000000000426e+01 6.053240363105894417e+00
2.210250000000000270e+01 5.976257138555938653e+00
2.271750000000000469e+01 5.991427093051145292e+00
2.333250000000000313e+01 6.004819004214958511e+00
2.394750000000000512e+01 6.016485416505182648e+00
2.456250000000000355e+01 6.026333636862778675e+00
2.517750000000000554e+01 6.034488011619504988e+00
2.579250000000000398e+01 6.041022586607932787e+00
2.640750000000000597e+01 5.817257163365105121e+00
2.702250000000000441e+01 5.816074631408088003e+00
2.763750000000000639e+01 5.813387907326364790e+00
2.825250000000000483e+01 5.809221950440807802e+00
2.886750000000000682e+01 5.803579777120024374e+00
2.948250000000000526e+01 5.796526706374148574e+00
3.009750000000000725e+01 5.788157173423521762e+00
3.071250000000000568e+01 5.778542050306273659e+00
3.132750000000000412e+01 5.767582103554133255e+00
3.194250000000000611e+01 5.755302843594940931e+00
3.255750000000000455e+01 5.742551531886624261e+00
3.317250000000000654e+01 5.729381022120894507e+00
3.378750000000000142e+01 5.714999390139250401e+00
3.440250000000000341e+01 5.571513030217928097e+00
3.501750000000000540e+01 5.551547859093218129e+00
3.563250000000000028e+01 5.530656388472072749e+00
3.624750000000000227e+01 5.508855358039388861e+00
3.686250000000000426e+01 5.486497117864042927e+00
3.747750000000000625e+01 5.463342721272680613e+00
3.809250000000000114e+01 5.439342653808043160e+00
3.870750000000000313e+01 5.414513249319643506e+00
3.932250000000000512e+01 5.388870779532835442e+00
3.993750000000000711e+01 5.362431523931059374e+00
4.055250000000000199e+01 5.336039441440703968e+00
4.116750000000000398e+01 5.313130328349968678e+00
4.178250000000000597e+01 5.289666848744814409e+00
4.239750000000000085e+01 5.265675115989663091e+00
4.301250000000000284e+01 5.545980681833677650e+00
4.362750000000000483e+01 5.524593782315610824e+00
4.424250000000000682e+01 5.502675660295100357e+00
4.485750000000000171e+01 5.486561584381629331e+00
4.547250000000000369e+01 5.476518047166522685e+00
4.608750000000000568e+01 5.466354185787944076e+00
4.670250000000000767e+01 5.456107610014411691e+00
4.731750000000000256e+01 5.445817297008260560e+00
4.793250000000000455e+01 5.435523672464135814e+00
4.854750000000000654e+01 5.425268689985056625e+00
4.916250000000000853e+01 5.415662141721888645e+00
4.977750000000000341e+01 5.406306402548366918e+00
5.039250000000000540e+01 5.397135655412562905e+00
5.100750000000000739e+01 5.388198110651607919e+00
5.162250000000000227e+01 5.379543747099722495e+00
5.223750000000000426e+01 5.371224344878598345e+00
5.285250000000000625e+01 5.363269874402416093e+00
5.346750000000000824e+01 5.355640270332240327e+00
5.408250000000000313e+01 5.348510415122071926e+00
5.469750000000000512e+01 5.341939549056600178e+00
5.531250000000000711e+01 5.335988679141898672e+00
5.592750000000000909e+01 5.330720491335597444e+00
5.654250000000000398e+01 5.340434630161803753e+00
5.715750000000000597e+01 5.360707061299414100e+00
5.777250000000000796e+01 5.382699777726680068e+00
5.838750000000000995e+01 5.408682956597568925e+00
5.900250000000000483e+01 5.468899049766828391e+00
5.961750000000000682e+01 5.672001347964449103e+00
6.023250000000000881e+01 5.869826158079354705e+00
6.084750000000000369e+01 6.063366272910871935e+00
6.146250000000000568e+01 6.253375003995481407e+00
6.207750000000000767e+01 6.298913970186214684e+00
6.269250000000000256e+01 6.289624404700360216e+00
