1.807500000000000107e+00 7.310671693482690969e+00
2.422500000000000320e+00 7.636401268456108227e+00
3.037500000000000533e+00 7.923462475206957123e+00
3.652500000000000302e+00 8.201514427465323109e+00
4.267500000000000071e+00 8.491675221981591193e+00
4.882500000000000284e+00 8.798754872363932833e+00
5.497500000000000497e+00 9.124312728695540997e+00
6.112500000000000711e+00 9.468306742681438237e+00
6.727500000000000924e+00 9.829948961748408820e+00
7.342500000000001137e+00 1.033846473301081126e+01
7.957500000000001350e+00 1.073331584464071220e+01
8.572500000000001563e+00 1.114273532027701208e+01
9.187500000000000000e+00 1.156530582071928848e+01
9.802500000000001990e+00 1.199970363914623306e+01
1.041750000000000043e+01 1.233902624215432020e+01
1.103250000000000242e+01 1.286649922660678058e+01
1.164750000000000085e+01 1.339633022721672617e+01
1.226250000000000284e+01 1.391854329825078196e+01
1.287750000000000128e+01 1.444233753433948308e+01
1.349250000000000327e+01 1.496519541569946732e+01
1.410750000000000171e+01 1.551413373612843039e+01
1.472250000000000369e+01 1.603392207156303684e+01
1.533750000000000213e+01 1.655734827128157605e+01
1.595250000000000412e+01 1.708437577294529319e+01
1.656750000000000256e+01 1.761886440802651066e+01
1.718250000000000099e+01 1.815630549458669307e+01
1.779750000000000298e+01 1.869644171228989293e+01
1.841250000000000497e+01 1.923907947570822330e+01
1.902750000000000341e+01 1.978402605999570696e+01
1.964250000000000540e+01 2.033106508684075564e+01
2.025750000000000384e+01 2.088034829449091134e+01
2.087250000000000583e+01 2.143179200634385850e+01
2.148750000000000426e+01 2.198504901002645795e+01
2.210250000000000270e+01 2.253278245947680247e+01
2.271750000000000469e+01 2.308925469288423926e+01
2.333250000000000313e+01 2.364712406669510258e+01
2.394750000000000512e+01 2.420630499705290717e+01
2.456250000000000355e+01 2.476671918590244914e+01
2.517750000000000554e+01 2.532829063487792709e+01
2.579250000000000398e+01 2.589095088162505576e+01
2.640750000000000597e+01 2.644005286977739999e+01
2.702250000000000441e+01 2.700483451255922063e+01
2.763750000000000639e+01 2.757051060903529560e+01
2.825250000000000483e+01 2.813703046023483623e+01
2.886750000000000682e+01 2.870434711699923369e+01
2.948250000000000526e+01 2.927241654210819632e+01
3.009750000000000725e+01 2.984119491487828313e+01
3.071250000000000568e+01 3.041064194460628656e+01
3.132750000000000412e+01 3.098072707469583875e+01
3.194250000000000611e+01 3.155141669046035702e+01
3.255750000000000455e+01 3.212273954309400636e+01
3.317250000000000654e+01 3.269466600060529515e+01
3.378750000000000142e+01 3.326710806633015949e+01
3.440250000000000341e+01 3.383197271574967857e+01
3.501750000000000540e+01 3.440525593330676202e+01
3.563250000000000028e+01 3.497898707006121555e+01
3.624750000000000227e+01 3.555314392637786369e+01
3.686250000000000426e+01 3.612773221828943804e+01
3.747750000000000625e+01 3.670271172588834929e+01
3.809250000000000114e+01 3.727805877067090279e+01
3.870750000000000313e+01 3.785375600861659251e+01
3.932250000000000512e+01 3.842978710194740444e+01
3.993750000000000711e+01 3.900613665623523474e+01
4.055250000000000199e+01 3.958285347821336586e+01
4.116750000000000398e+01 4.016018319500291511e+01
4.178250000000000597e+01 4.073780126039656579e+01
4.239750000000000085e+01 4.131569639257521231e+01
4.301250000000000284e+01 4.191760734170581060e+01
4.362750000000000483e+01 4.249624066921326460e+01
4.424250000000000682e+01 4.307512543974122110e+01
4.485750000000000171e+01 4.365464817968482691e+01
4.547250000000000369e+01 4.423480773250140174e+01
4.608750000000000568e+01 4.481520377602341654e+01
4.670250000000000767e+01 4.539582956917890044e+01
4.731750000000000256e+01 4.597667882893836833e+01
4.793250000000000455e+01 4.655774570966012504e+01
4.854750000000000654e+01 4.713902478358657078e+01
4.916250000000000853e+01 4.772054450458392694e+01
4.977750000000000341e+01 4.830227345754592250e+01
5.039250000000000540e+01 4.888420063705090968e+01
5.100750000000000739e+01 4.946632207195984421e+01
5.162250000000000227e+01 5.004863411444883781e+01
5.223750000000000426e+01 5.063113342268714234e+01
5.285250000000000625e+01 5.121381561113705772e+01
5.346750000000000824e+01 5.179667258643883088e+01
5.408250000000000313e+01 5.237970850892205732e+01
5.469750000000000512e+01 5.296292109607123422e+01
5.531250000000000711e+01 5.354630828246414609e+01
5.592750000000000909e+01 5.412986819680169503e+01
5.654250000000000398e+01 5.471438446164808056e+01
5.715750000000000597e+01 5.529958118132975642e+01
5.777250000000000796e+01 5.588495710142318273e+01
5.838750000000000995e+01 5.647036425555058514e+01
5.900250000000000483e+01 5.705706262372709858e+01
5.961750000000000682e+01 5.765008416574173822e+01
6.023250000000000881e+01 5.824240036773771578e+01
6.084750000000000369e+01 5.883409053566218461e+01
6.146250000000000568e+01 5.942521636829980736e+01
6.207750000000000767e+01 6.001145385930411891e+01
6.269250000000000256e+01 6.059602777923688421e+01
