1.807500000000000107e+00 1.547661520966007842e+00
2.422500000000000320e+00 2.129015872940614784e+00
3.037500000000000533e+00 2.710244945219479451e+00
3.652500000000000302e+00 3.288650384322782561e+00
4.267500000000000071e+00 3.866455994471501789e+00
4.882500000000000284e+00 4.443513765058308529e+00
5.497500000000000497e+00 5.019755357977032872e+00
6.112500000000000711e+00 5.595141418365889407e+00
6.727500000000000924e+00 6.169675712376553989e+00
7.342500000000001137e+00 6.829508272579646544e+00
7.957500000000001350e+00 7.407316640860850399e+00
8.572500000000001563e+00 7.984545545231743979e+00
9.187500000000000000e+00 8.561213311872114318e+00
9.802500000000001990e+00 9.137327362982626155e+00
1.041750000000000043e+01 1.076531353714745265e+01
1.103250000000000242e+01 1.137033419066473883e+01
1.164750000000000085e+01 1.196738612516550582e+01
1.226250000000000284e+01 1.255524084177279320e+01
1.287750000000000128e+01 1.314096656368037230e+01
1.349250000000000327e+01 1.372162712366541371e+01
1.410750000000000171e+01 1.438107994972818027e+01
1.472250000000000369e+01 1.493724865510480626e+01
1.533750000000000213e+01 1.549619069884974110e+01
1.595250000000000412e+01 1.605736677847802696e+01
1.656750000000000256e+01 1.661459486965991772e+01
1.718250000000000099e+01 1.717382151750443242e+01
1.779750000000000298e+01 1.773475971623718195e+01
1.841250000000000497e+01 1.829758623391048289e+01
1.902750000000000341e+01 1.886222586555536296e+01
1.964250000000000540e+01 1.942873199888046898e+01
2.025750000000000384e+01 1.999644701252606893e+01
2.087250000000000583e+01 2.056518100874665933e+01
2.148750000000000426e+01 2.113529420377389911e+01
2.210250000000000270e+01 2.172580576136471464e+01
2.271750000000000469e+01 2.229835159069190809e+01
2.333250000000000313e+01 2.287200527616408507e+01
2.394750000000000512e+01 2.344668643633740857e+01
2.456250000000000355e+01 2.402235796359688536e+01
2.517750000000000554e+01 2.459892804418756640e+01
2.579250000000000398e+01 2.517632585711167792e+01
2.640750000000000597e+01 2.579216770373431444e+01
2.702250000000000441e+01 2.637108952884658564e+01
2.763750000000000639e+01 2.695065075815781341e+01
2.825250000000000483e+01 2.753080862338926238e+01
2.886750000000000682e+01 2.811152797682266780e+01
2.948250000000000526e+01 2.869276299637229855e+01
3.009750000000000725e+01 2.927446242876357019e+01
3.071250000000000568e+01 2.985658378426707316e+01
3.132750000000000412e+01 3.043912690549014499e+01
3.194250000000000611e+01 3.102206286449920114e+01
3.255750000000000455e+01 3.160527642143447480e+01
3.317250000000000654e+01 3.218874613923371442e+01
3.378750000000000142e+01 3.277253821560453417e+01
3.440250000000000341e+01 3.337005574724719281e+01
3.501750000000000540e+01 3.395440991104041473e+01
3.563250000000000028e+01 3.453898343299283624e+01
3.624750000000000227e+01 3.512376056090432996e+01
3.686250000000000426e+01 3.570870180889441770e+01
3.747750000000000625e+01 3.629381399937663133e+01
3.809250000000000114e+01 3.687908916290788142e+01
3.870750000000000313e+01 3.746451508431271549e+01
3.932250000000000512e+01 3.805008027134693549e+01
3.993750000000000711e+01 3.863577390393091093e+01
4.055250000000000199e+01 3.922153710130514526e+01
4.116750000000000398e+01 3.980717222074496675e+01
4.178250000000000597e+01 4.039291863337133037e+01
4.239750000000000085e+01 4.097876807731130100e+01
4.301250000000000284e+01 4.154910232224327160e+01
4.362750000000000483e+01 4.213560649667667946e+01
4.424250000000000682e+01 4.272220725275545306e+01
4.485750000000000171e+01 4.330849743428860421e+01
4.547250000000000369e+01 4.389448673309721727e+01
4.608750000000000568e+01 4.448057398186529099e+01
4.670250000000000767e+01 4.506675307108562833e+01
4.731750000000000256e+01 4.565301819637218728e+01
4.793250000000000455e+01 4.623936383938808348e+01
4.854750000000000654e+01 4.682578474984634198e+01
4.916250000000000853e+01 4.741224495378596515e+01
4.977750000000000341e+01 4.799876532085107073e+01
5.039250000000000540e+01 4.858534757088551714e+01
5.100750000000000739e+01 4.917198735272781107e+01
5.162250000000000227e+01 4.975868050243253293e+01
5.223750000000000426e+01 5.034542302904790745e+01
5.285250000000000625e+01 5.093221224956501914e+01
5.346750000000000824e+01 5.151904897058273036e+01
5.408250000000000313e+01 5.210592382661252486e+01
5.469750000000000512e+01 5.269283338639775849e+01
5.531250000000000711e+01 5.327977432561521454e+01
5.592750000000000909e+01 5.386674341277168310e+01
5.654250000000000398e+01 5.445313232635923129e+01
5.715750000000000597e+01 5.503913601505583841e+01
5.777250000000000796e+01 5.562512891914628455e+01
5.838750000000000995e+01 5.621074774129914431e+01
5.900250000000000483e+01 5.679436167038089422e+01
5.961750000000000682e+01 5.737038083411226808e+01
6.023250000000000881e+01 5.794585695680386550e+01
6.084750000000000369e+01 5.852081507870768462e+01
6.146250000000000568e+01 5.909527596231770019e+01
6.207750000000000767e+01 5.967996545553884147e+01
6.269250000000000256e+01 6.026872495017620679e+01
